35,43,49,52,82,88,303,336,546,547,548,651,720,722,727,735,757,922,923,927,1074,1343,
1350,1402,1417,1418,1421,1431,1435,1447,1456,1457,1458,1489,1518,1557,1559,1560,1617,
1618,1685,1687,1708,1711,1770,1776,1790,1824,1827,1830,1839,1858,1860,1861,1862,1863,
1867,1872,2141,2146,2147,2151,2158,2161,2163,2167,2182,2183,2184,2185,2377,2394,2554,
2559,2655,2675,2681,2689,2817,2837,3143,3145,3146,3147,3154,3155,3156,3202,3203,3212,
3213,3214,3215,3228,3229,3239,3240,3242,3243,3244,3245,3246,3268,3269,3270,3392,3393,
3398,3399,3403,3411,3424,3425,3435,3442,3443,3574,3583,3584,3586,3594,3595,3596,3601,
3605,3606,3609,3612,3620,3633,3658,3679,3722,3725,3730,3732,3733,3734,3740,3741,4079,
4080,4106,4112,4114,4127,4138,4189,4193,4194,4197,4203,4205,4207,4221,4239,4296,4297,
4380,4416,4457,4464,4466,4467,4477,4492,4493,4494,4502,4503,4505,4509,4510,4518,4520,
4521,4539,4541,4550,4552,4553,4555,4564,4566,4568,4575,4606,4608,4611,4620,4621,4622,
4623,4631,4632,4641,4650,4669,4671,4679,4682,4706,4735,4738,4942,4943
